[択捉島],
[[[145.449371,43.723475],[145.549622,43.72149],[145.597,43.869188],[145.665665,43.909766],[145.767975,43.929055],[145.840073,44.029359],[145.869598,44.018003],[146.112671,44.241264],[146.453247,44.363133],[146.546631,44.435741],[146.178589,44.502382],[145.972595,44.288469],[145.755615,44.075747],[145.552368,43.931528],[145.439758,43.846413],[145.401306,43.820657],[145.426025,43.72546]],],

[歯舞],
[[146.068726,43.516689],[146.131897,43.4589],[146.192322,43.51868],[146.140137,43.540585]],

[色丹],
[[146.601563,43.800836],[146.659241,43.69568],[146.911926,43.814711],[146.848755,43.882057]],

[国後],
[[146.881714,44.445546],[146.991577,44.43378],[147.106934,44.555249],[147.255249,44.594379],[147.463989,44.762337],[147.678223,44.984228],[147.859497,44.949249],[148.304443,45.193651],[148.83728,45.328979],[148.864746,45.529441],[148.634033,45.479392],[148.331909,45.267155],[148.018799,45.263289],[147.941895,45.421588],[147.88147,45.216873],[147.722168,45.162674],[147.650757,45.073521],[147.524414,45.092914],[147.507935,44.984228],[147.260742,44.851975],[147.216797,44.797429],[147.11792,44.813019],[147.183838,44.742832],[147.10144,44.629573],[147.019043,44.637391],[146.99707,44.570904],[146.947632,44.627619],[146.950378,44.543505],[146.88858,44.514135],[146.866608,44.443585]],